412974696.924161,84
412974697.943930,83
412974698.964317,82
412974700.614068,81
412974701.614447,81
412974702.614531,80
412974703.615353,80
412974704.614441,81
412974705.614090,81
412974706.614303,81
412974707.614322,81
412974708.614284,81
412974711.614506,81
412974711.617206,81
412974712.614563,81
412974713.614599,81
412974714.614868,81
412974715.614689,83
412974716.613647,86
412974717.614980,87
412974718.612899,87
412974719.615272,84
412974720.614915,85
412974721.614861,82
412974722.615124,79
412974723.615116,77
412974724.615069,74
412974725.615096,73
412974726.615101,73
412974727.615283,73
412974728.615252,73
412974729.615441,73
412974730.615214,73
412974731.616049,74
412974732.615570,72
412974733.615290,71
412974734.615563,72
412974735.615495,73
412974736.615519,73
412974737.615729,73
412974738.615587,76
412974739.615861,77
412974740.615698,79
412974741.615796,78
412974742.615721,78
412974743.615804,78
412974744.616365,78
412974746.616044,78
412974746.619663,75
412974747.614927,74
412974748.616040,77
412974749.616066,79
412974750.616567,80
412974751.614583,80
412974752.616163,80
412974753.616473,77
412974754.616354,74
412974757.615630,70
412974757.619216,68
412974759.616763,68
412974760.616668,68
412974761.616553,68
412974762.616762,68
412974763.616861,68
412974764.615924,68
412974765.616774,68
412974766.616719,68
412974767.617147,71
412974768.616915,77
412974769.617231,79
412974770.616933,80
412974771.617268,80
412974772.617303,78
412974773.617140,76
412974774.617158,75
412974775.617313,74
412974776.617373,74
412974777.617549,74
412974778.617628,73
412974779.616771,73
412974780.617527,72
412974781.617865,72
412974782.617612,72
412974783.617924,72
412974784.617565,72
412974785.617810,72
412974787.617847,73
412974787.620617,73
412974788.617698,73
412974789.617794,74
412974790.617901,75
412974791.617820,75
412974792.618123,76
412974793.617784,76
412974794.618549,76
412974795.618248,77
412974796.618178,78
412974797.618253,80
412974798.618322,81
412974799.618391,82
412974800.618261,83
412974801.618486,87
412974802.618593,88
412974803.618439,88
412974804.618597,89
412974806.618576,89
412974806.621046,89
412974807.618566,89
412974808.618664,89
412974809.618803,88
412974810.618818,86
412974811.618793,86
412974812.618448,86
412974813.619001,86
412974814.618916,86
412974815.618929,86
412974816.618870,86
412974817.619159,86
412974818.619024,86
412974819.619061,86
412974822.619246,86
412974822.623651,85
412974823.619435,80
412974824.619315,77
412974826.619362,77
412974827.619560,77
412974828.619792,77
412974829.619613,76
412974830.619643,76
412974831.619621,77
412974832.619795,77
412974833.619682,77
412974834.619822,77
412974835.620014,77
412974836.619944,79
412974837.619986,82
412974838.620245,82
412974839.619926,84
412974840.620190,84
412974841.620665,84
412974842.620100,84
412974844.619245,84
412974844.621332,84
412974845.620126,85
412974847.620434,86
412974848.620684,86
412974849.619620,86
412974851.620620,86
412974852.621603,85
412974853.618754,84
412974855.620792,84
412974855.622896,84
412974856.620630,85
412974857.620696,86
412974858.620848,87
412974859.620965,88
412974860.620813,87
412974861.620910,86
412974863.621136,85
412974863.625342,81
412974864.620950,80
412974865.621613,79
412974866.621363,79
412974868.621261,79
412974868.626479,78
412974869.621872,77
412974870.621190,77
412974872.622021,77
412974872.625724,77
412974874.621434,76
412974876.621597,75
412974877.621525,74
412974877.626556,72
412974878.621481,71
412974879.621650,70
412974880.621680,71
412974881.621768,72
412974882.621803,72
412974883.622017,67
412974884.621969,66
412974885.622234,66
412974886.622091,66
412974887.621920,66
412974888.620162,66
412974889.622197,68
412974890.620744,68
412974891.622408,68
412974892.622456,68
412974893.622342,68
412974894.622233,70
412974895.622241,69
412974896.622336,71
412974897.622676,72
412974898.621402,73
412974899.621679,74
412974900.621774,75
412974901.621200,75
412974902.622097,75
412974903.623720,75
412974905.622731,77
412974905.627115,77
412974906.622427,77
412974907.623348,78
412974908.622927,78
412974909.623415,80
412974910.622792,80
412974911.621268,81
412974912.622621,81
412974913.622966,82
412974915.622693,82
412974916.623278,82
412974917.621690,81
412974918.623209,80
412974919.622792,80
412974920.622793,80
412974921.622935,80
412974923.622941,81
412974923.626029,81
412974924.622841,81
412974925.622902,81
412974926.623063,81
412974927.623200,81
412974928.622706,82
412974929.623365,82
412974930.623145,82
412974931.623784,83
412974933.643536,85
412974934.621406,88
412974935.623296,92
412974936.623520,93
412974937.621825,94
412974938.623588,94
412974939.623175,94
412974940.621196,94
412974941.623338,94
412974943.623464,93
412974943.626478,93
412974944.623435,93
412974945.624041,93
412974946.623282,93
412974947.623991,92
412974948.623823,92
412974949.623659,91
412974950.623636,91
412974951.623638,91
412974952.622327,91
412974953.624501,91
412974954.624434,91
412974955.623868,92
412974957.623845,92
412974957.626744,92
412974958.624347,92
412974962.624043,88
412974962.627053,88
412974963.624200,87
412974964.622232,84
412974966.624163,83
412974966.628017,82
412974967.624410,82
412974968.624485,82
412974970.624455,82
412974970.628314,80
412974971.624539,80
412974972.623846,80
412974973.624565,79
412974974.622883,79
412974975.624698,79
412974976.624726,79
412974979.624731,80
412974981.624893,80
412974981.627633,80
412974982.625021,80
412974983.625158,81
412974984.625144,81
412974985.625294,81
412974987.625184,81
412974987.627775,81
412974988.625310,81
412974989.625409,81
412974990.625327,81
412974991.625453,81
412974992.623541,81
412974994.625766,81
412974994.628340,81
412974995.625647,80
412974996.625492,79
412974997.625688,79
412974998.625754,79
412974999.625741,79
412975000.625688,79
412975001.625925,79
412975002.625974,81
412975004.626233,80
412975004.629848,81
412975006.626251,81
412975006.628754,81
412975007.626209,81
412975008.628614,81
412975009.626615,80
412975011.626353,79
412975011.629994,80
412975012.624993,80
412975013.625062,80
412975014.628460,80
412975015.626526,79
412975016.626594,77
412975017.627051,77
412975018.626561,77
412975019.626578,77
412975020.626608,78
412975021.626687,78
412975022.628002,79
412975024.626917,79
412975024.629414,79
412975025.626823,79
412975026.626944,77
412975028.628751,76
412975029.626972,76
412975030.627046,78
412975031.627005,79
412975032.626969,80
412975033.628900,81
412975035.627792,80
412975035.630169,80
412975036.626414,80
412975037.626292,81
412975039.627375,81
412975040.627937,81
412975040.632391,82
412975041.627165,82
412975042.627496,82
412975043.627250,82
412975044.627203,83
412975045.627236,85
412975046.625697,86
412975048.627193,86
412975048.631002,85
412975049.628397,85
412975050.627355,85
412975051.627399,86
412975052.627459,86
412975053.627481,84
412975054.627396,84
412975055.627499,83
412975056.629523,83
412975057.627936,85
412975058.627317,86
412975059.628507,87
412975061.628952,89
412975061.631462,89
412975062.627637,90
412975063.626910,91
412975064.627650,91
412975065.627670,91
412975066.627676,91
412975067.628174,89
412975068.628609,89
412975069.629116,89
412975070.627372,89
412975071.627390,89
412975072.627785,90
412975073.627854,90
412975074.627819,92
412975075.627202,94
412975077.628378,95
412975077.635911,97
412975078.627832,97
412975079.628402,95
412975080.629008,91
412975081.629460,89
412975082.629121,87
412975083.629002,86
412975084.629065,85
412975085.629274,85
412975086.629108,84
412975087.629182,83
412975088.628008,82
412975089.629756,81
412975090.628214,80
412975091.628798,79
412975092.629433,78
412975094.628770,79
412975094.633004,80
412975095.628622,80
412975096.628348,79
412975097.629358,79
412975098.629663,78
412975099.629721,78
412975100.629801,78
412975101.629632,78
412975102.630500,77
412975103.629715,77
412975104.629984,77
412975105.628669,77
412975106.629722,77
412975107.630243,77
412975108.628744,77
412975109.631040,77
412975110.630124,77
412975111.630006,77
412975112.630311,76
412975114.630259,76
412975114.632714,76
412975115.630387,77
412975116.630942,77
412975117.629490,77
412975118.630392,77
412975119.630483,76
412975120.629349,74
412975122.630633,74
412975122.633180,74
412975123.630635,73
412975124.630674,74
412975125.630874,75
412975126.629713,75
412975127.630698,75
412975128.631463,75
412975129.630965,76
412975130.628949,78
412975131.630979,80
412975132.631093,80
412975133.631029,80
412975134.631560,81
412975135.630972,81
412975136.630074,80
412975137.631114,80
412975138.631332,80
412975139.631237,80
412975140.631371,82
412975141.631721,83
412975142.631470,83
412975143.631494,83
412975144.631640,83
412975145.631572,82
412975147.631878,82
412975147.634267,81
412975149.629627,79
412975149.633278,77
412975150.631779,76
412975151.631004,76
412975152.631188,78
412975153.631872,79
412975154.632044,80
412975155.631642,79
412975156.631278,79
412975157.631869,79
412975159.632129,79
412975160.632072,79
412975161.631427,79
412975162.632854,78
412975163.631119,80
412975164.632385,82
412975165.631612,84
412975166.632301,85
412975167.631606,85
412975168.632608,86
412975170.632683,87
412975170.636300,88
412975171.632650,90
412975172.631322,91
412975173.633743,92
412975174.632660,92
412975175.631687,85
412975176.632831,83
412975177.633267,82
412975178.632803,82
412975179.633363,82
412975180.632202,82
412975181.631729,82
412975182.633054,81
412975183.632345,81
412975184.633981,78
412975186.632935,78
412975186.635449,78
412975187.633424,76
412975189.633357,75
412975189.635795,75
412975190.633432,75
412975191.631527,75
412975192.633649,75
412975193.634046,74
412975194.632646,73
412975195.633538,73
412975196.633672,72
412975197.633806,71
412975198.631967,71
412975199.633841,71
412975201.632539,71
412975201.636285,71
412975202.634315,71
412975203.634400,70
412975205.632482,70
412975205.635463,70
412975206.632531,70
412975207.632568,71
412975208.633831,73
412975209.633200,75
412975211.634397,76
412975212.634348,77
412975213.634067,78
412975214.634255,78
412975215.634554,78
412975216.634417,79
412975217.635805,80
412975218.634612,81
412975219.632985,82
412975220.634968,82
412975221.632937,82
412975222.634792,82
412975223.634250,82
412975224.634881,82
412975225.635418,83
412975226.633994,83
412975227.635108,83
412975228.635069,83
412975229.634542,85
412975230.635012,89
412975231.634332,91
412975232.633607,92
412975233.634934,93
412975234.635183,94
412975236.636950,94
412975236.639012,94
412975237.633889,94
412975238.634411,94
412975239.634409,94
412975240.635804,93
412975241.634277,93
412975242.634116,93
412975243.635834,93
412975244.635720,94
412975245.636349,94
412975246.634152,94
412975247.635568,94
412975248.634685,94
412975249.635358,94
412975250.636201,94
412975251.635460,94
412975253.636202,93
412975253.638685,93
412975254.635269,93
412975256.634925,94
412975257.634876,94
412975258.634733,91
412975259.635973,88
412975260.636395,87
412975261.636342,86
412975262.637198,84
412975263.636517,84
412975264.635027,84
412975265.636383,83
412975266.635708,81
412975268.636605,80
412975268.639088,80
412975269.636393,79
412975270.636736,78
412975271.635495,77
412975272.636758,76
412975274.637024,74
412975274.640993,70
412975275.635925,68
412975276.636947,67
412975278.636385,65
412975278.640620,64
412975279.637057,65
412975280.637159,65
412975281.637072,67
412975282.637434,68
412975283.637397,70
412975284.637317,71
412975285.637244,72
412975286.637608,75
412975288.637555,76
412975288.640152,76
412975289.637668,74
412975290.637540,73
412975293.636817,74
412975293.643011,75
412975294.637064,75
412975295.637546,76
412975296.638050,77
412975297.637844,77
412975298.637987,77
412975300.638504,77
412975300.641670,77
412975301.637424,77
412975302.638162,77
412975303.638246,76
412975304.637658,76
412975305.638176,76
412975306.638952,76
412975307.637618,76
412975308.638273,75
412975309.638233,73
412975310.638288,73
412975311.638672,73
412975312.637444,73
412975313.638618,74
412975314.638990,75
412975315.637342,77
412975316.638775,80
412975317.638562,79
412975318.637876,78
412975319.638765,78
412975320.638807,77
412975321.639111,78
412975323.639678,79
412975323.642067,80
412975324.638459,80
412975325.639169,80
412975326.639167,80
412975327.638301,80
412975328.639138,80
412975329.639194,80
412975330.639216,79
412975331.639395,79
412975332.638061,78
412975333.646333,76
412975334.639682,75
412975335.645094,74
412975336.638326,73
412975337.638869,73
412975338.638290,73
412975339.639959,73
412975340.640080,73
412975342.639557,72
412975342.642312,70
412975343.638856,68
412975344.640514,66
412975345.640546,66
412975347.640057,66
412975347.644112,68
412975348.640945,70
412975349.640290,72
412975350.640285,73
412975351.638691,73
412975352.640511,73
412975353.639301,73
412975354.640401,74
412975355.641190,76
412975356.640126,76
412975357.640765,76
412975358.640322,76
412975359.639716,76
412975360.642208,76
412975361.640822,77
412975362.640903,78
412975363.640965,78
412975364.639225,78
412975365.641130,78
412975366.641100,75
412975367.641199,73
412975368.639836,71
412975369.641250,70
412975370.641337,69
412975371.641309,70
412975372.641404,70
412975373.641349,71
412975374.641370,71
412975375.641930,73
412975376.639405,74
412975377.642016,75
412975378.641549,75
412975379.641788,75
412975380.640191,76
412975381.642266,76
412975382.641814,77
412975383.641133,79
412975384.641958,79
412975385.641924,79
412975386.640349,79
412975387.641995,81
412975388.642111,82
412975389.640796,83
412975390.642168,83
412975391.642239,83
412975392.644325,84
412975394.642496,85
412975394.649204,85
412975395.642347,85
412975396.641771,84
412975397.641210,82
412975398.642477,82
412975399.642539,82
412975400.642440,82
412975401.642380,82
412975402.644625,81
412975403.644502,81
412975404.642844,81
412975405.641021,82
412975406.642794,82
412975407.642974,82
412975408.641182,82
412975409.644100,81
412975410.644025,81
412975411.643144,81
412975412.643141,82
412975413.643190,81
412975414.644595,81
412975415.643308,80
412975416.643304,80
412975417.643142,80
412975418.643371,80
412975419.643171,80
412975420.643612,79
412975421.643446,79
412975422.643581,81
412975423.643524,81
412975424.644566,81
412975425.644717,81
412975426.644558,82
412975427.644481,83
412975428.644708,83
412975429.643446,82
412975430.643723,80
412975431.643775,80
412975432.643910,80
412975433.643822,80
412975434.644965,79
412975435.645205,79
412975438.644863,78
412975439.645169,78
412975439.647308,78
412975441.644106,77
412975441.648785,80
412975442.643955,82
412975443.644426,82
412975444.643994,82
412975445.644616,82
412975446.644056,82
412975448.644007,84
412975449.644796,84
412975449.646966,85
412975450.645265,84
412975451.644160,81
412975452.644810,78
412975453.644805,77
412975454.644053,75
412975455.644231,75
412975456.644290,75
412975457.644291,75
412975458.644810,75
412975461.643674,75
412975461.646033,75
412975462.644282,75
412975463.644295,75
412975464.645125,75
412975465.644427,75
412975466.645144,74
412975468.644724,74
412975468.651790,74
412975469.645281,73
412975470.644515,73
412975471.644707,73
412975472.645660,73
412975473.644561,73
412975475.645415,73
412975475.648544,73
412975476.644561,73
412975477.645544,71
412975478.645415,73
412975479.644670,74
412975481.646153,74
412975481.657623,75
412975482.645929,75
412975483.645856,75
412975484.644697,75
412975485.645104,75
412975486.646016,75
412975488.645296,75
412975489.644247,76
412975490.645076,76
412975491.646301,76
412975492.644438,76
412975493.646244,76
412975494.646087,76
412975495.646297,75
412975496.646453,75
412975497.646509,75
412975498.647063,76
412975499.646539,78
412975500.645799,78
412975501.663847,78
412975502.645214,79
412975503.646738,79
412975504.647678,79
412975505.646716,79
412975507.646275,79
412975507.648388,79
412975508.646873,79
412975509.646412,78
412975510.647038,78
412975512.645746,80
412975512.652125,80
412975513.647114,80
412975515.645662,80
412975516.647329,79
412975517.647375,78
412975518.647363,79
412975519.646269,79
412975520.646487,79
412975521.647399,79
412975522.647276,79
412975523.647670,79
412975524.645680,79
412975525.646776,79
412975526.645705,79
412975527.647741,79
412975528.647790,79
412975529.647583,81
412975530.647968,81
412975531.647900,81
412975532.648091,82
412975534.647744,82
412975534.651527,80
412975535.647889,79
412975536.648369,78
412975537.648196,78
412975538.647544,79
412975540.648049,79
412975540.650686,79
412975542.647531,79
412975543.648380,79
412975543.650832,79
412975544.648368,79
412975545.648910,80
412975546.648573,81
412975547.648619,82
412975549.647973,82
412975549.650460,82
412975550.647517,82
412975552.648412,82
412975552.650927,82
412975553.648732,82
412975554.648978,81
412975555.649554,81
412975556.647444,81
412975557.649318,81
412975558.648974,82
412975559.648025,81
412975560.649151,82
412975561.649069,82
412975562.649162,85
412975563.649223,87
412975564.648786,88
412975565.649480,89
412975566.648677,90
412975567.649326,90
412975568.651266,90
412975569.649543,89
412975570.647833,88
412975572.650016,86
412975572.652493,85
412975573.649858,85
412975574.649782,83
412975575.649094,82
412975576.649961,83
412975577.649483,84
412975578.649054,84
412975579.649165,84
412975580.649875,83
412975581.650205,83
412975583.649448,83
412975583.651930,83
412975584.649054,83
412975585.648423,84
412975586.650376,84
412975587.648674,84
412975588.650110,82
412975589.650541,82
412975590.650474,82
412975591.650911,82
412975592.650675,82
412975593.649621,82
412975594.650785,82
412975595.650700,80
412975596.650813,79
412975597.650966,78
412975599.649696,78
412975600.651185,77
412975601.650916,77
412975602.649053,77
412975603.651044,76
412975604.649799,76
412975605.649841,77
412975608.651133,78
412975608.656426,80
412975609.651180,80
412975610.650180,80
412975611.651413,80
412975612.652213,80
412975613.651423,81
412975614.651512,82
412975615.652093,82
412975616.651668,82
412975617.651396,83
412975618.650239,85
412975619.650373,86
412975620.651727,87
412975621.652460,87
412975622.651935,88
412975623.651324,89
412975624.651659,90
412975625.652418,90
412975626.651340,91
412975627.653184,91
412975628.652169,91
412975629.651282,92
412975630.652122,92
412975631.651751,92
412975632.652343,89
412975633.651638,88
412975634.651725,87
412975635.651559,87
412975636.650890,85
412975637.651959,85
412975638.653149,82
412975639.652662,81
412975640.652519,81
412975641.652272,80
412975642.652726,80
412975643.652817,81
412975644.651598,79
412975645.651711,78
412975646.652956,78
412975647.652130,78
412975648.652242,78
412975649.651655,78
412975650.652870,78
412975653.654127,77
412975653.659781,77
412975654.652243,76
412975655.652043,76
412975656.652956,76
412975657.653192,74
412975658.652280,74
412975659.653579,74
412975660.653902,74
412975661.651569,74
412975662.652125,74
412975663.653381,74
412975664.653657,75
412975665.653568,76
412975666.652786,76
412975668.653820,76
412975668.658077,76
412975669.653809,76
412975670.652654,76
412975671.655050,76
412975672.653776,76
412975674.653148,75
412975675.653191,75
412975675.655640,75
412975676.654270,75
412975677.653989,75
412975678.653002,75
412975679.653787,76
412975680.654362,77
412975681.653189,78
412975683.654462,78
412975683.658812,79
412975684.654604,79
412975685.653781,77
412975686.654232,76
412975687.653430,76
412975688.654243,77
412975689.653272,78
412975693.654882,78
412975693.658117,78
412975694.655070,78
412975695.654288,78
412975696.655179,78
412975697.654741,78
412975698.654975,79
412975699.655499,79
412975700.656127,79
412975702.655240,79
412975702.658716,79
412975703.654620,79
412975704.655646,79
412975705.655341,80
412975706.654195,81
412975707.655489,82
412975708.655773,82
412975709.655039,82
412975710.655543,83
412975711.654426,87
412975712.654394,87
412975713.655657,88
412975714.656758,88
412975716.654858,88
412975716.662173,88
412975717.654926,88
412975718.655312,88
412975719.655275,86
412975720.654393,84
412975721.654996,83
412975722.656289,82
412975723.655633,79
412975725.655727,76
412975725.664958,74
412975726.656425,73
412975727.654997,72
412975729.654664,72
412975729.658380,72
412975730.657299,72
412975732.655929,72
412975732.665174,73
412975733.655802,74
412975734.655282,74
412975735.656239,74
412975737.656802,75
412975737.659865,76
412975738.656156,77
412975739.657066,77
412975740.656844,77
412975741.656883,77
412975742.656358,77
412975743.655485,78
412975744.656345,78
412975745.657004,78
412975747.657470,77
412975747.660440,76
412975748.658012,76
412975749.658377,76
412975750.657262,79
412975751.656778,82
412975752.658799,82
412975755.657097,83
412975755.659993,82
412975756.656447,82
412975757.657996,82
412975759.658011,82
412975760.658782,82
412975761.658079,87
412975762.658677,87
412975764.664211,87
412975764.666652,88
412975765.656319,86
412975766.658885,86
412975767.659277,86
412975768.659446,83
412975769.658514,82
412975771.658629,81
412975772.658214,81
412975774.659649,81
412975774.662139,81
412975775.658193,82
412975776.657134,83
412975778.658712,85
412975778.661353,86
412975779.661142,86
412975780.658558,86
412975781.658028,86
412975782.658647,86
412975783.658671,85
412975784.659212,84
412975785.660421,83
412975786.658600,83
412975787.658320,83
412975788.658582,82
412975789.659413,82
412975791.662305,82
412975791.664800,81
412975792.662434,81
412975794.661700,81
412975795.660644,80
412975796.659831,78
412975797.660098,77
412975798.662023,76
412975799.661473,75
412975801.660670,73
412975801.663285,71
412975802.661861,70
412975803.661867,70
412975804.661408,70
412975805.662587,70
412975806.661351,70
412975807.660189,70
412975808.661178,71
412975809.661707,72
412975810.660264,72
412975811.660375,71
412975813.660548,71
412975813.664797,69
412975814.662158,69
412975815.660650,69
412975816.660389,69
412975817.662736,69
412975819.662506,70
412975819.665031,71
412975820.662120,71
412975821.663880,76
412975822.661266,78
412975823.661405,78
412975824.663523,78
412975825.660807,78
412975826.663284,79
412975827.661568,79
412975828.661174,79
412975829.661678,79
412975831.662005,79
412975832.662702,80
412975833.660908,80
412975834.661890,80
412975835.661397,80
412975836.661659,80
412975837.660493,80
412975838.659886,80
412975839.662240,80
412975840.661212,80
412975841.661908,80
412975842.660505,81
412975843.661297,82
412975844.660951,82
412975845.661516,82
412975846.660167,82
412975847.661671,81
412975848.661665,81
412975849.660816,81
412975850.661213,81
412975851.662618,81
412975852.660965,83
412975853.662726,84
412975854.661316,85
412975855.662616,85
412975856.662257,85
412975857.663305,86
412975858.663856,86
412975859.663392,86
412975861.664103,86
412975861.666752,88
412975862.661221,88
412975863.662823,88
412975866.661262,88
412975868.663416,89
412975869.661478,89
412975870.663759,91
412975871.662760,90
412975872.662895,90
412975873.663677,89
412975874.663713,89
412975875.662835,89
412975876.664093,89
412975877.663584,86
412975878.662749,85
412975879.661890,82
412975880.662900,80
412975881.662065,80
412975882.662820,79
412975883.663345,79
412975885.662862,78
412975886.662623,78
412975887.664054,77
412975888.664059,76
412975889.663418,76
412975890.663806,76
412975891.662784,76
412975892.670217,76
412975893.664001,77
412975894.663047,78
412975895.663930,78
412975897.663667,78
412975897.665823,78
412975898.662646,78
412975899.664063,79
412975900.663931,79
412975901.663328,79
412975902.663392,79
412975903.664615,80
412975905.664241,80
412975905.667907,81
412975906.664183,82
412975907.664199,82
412975908.664422,82
412975909.662886,81
412975910.664530,81
412975911.664848,82
412975912.663130,82
412975914.664696,82
412975914.666880,82
412975915.663737,81
412975916.664629,82
412975917.664909,82
412975918.664441,82
412975919.664453,82
412975920.664091,82
412975921.664304,83
412975922.665459,83
412975923.665165,83
412975924.665039,84
412975926.665303,84
412975926.667882,85
412975927.665123,86
412975928.664172,85
412975930.665634,83
412975930.668152,83
412975931.664764,83
412975932.664076,83
412975933.664791,82
412975934.665245,82
412975935.664213,81
412975936.666150,80
412975937.665581,79
412975938.665792,79
412975939.664907,79
412975940.665123,79
412975942.679176,79
412975944.665785,79
412975944.668275,79
412975945.665369,79
412975948.665251,79
412975948.667371,80
412975949.664852,80
412975950.665404,80
412975951.664671,80
412975952.666389,79
412975953.665841,78
412975954.664978,78
412975955.666250,78
412975956.666931,78
412975957.666900,78
412975958.666445,78
412975959.665796,78
412975960.666673,76
412975962.666254,75
412975963.665578,75
412975964.670286,74
412975965.666891,74
412975966.666546,75
412975967.667079,76
412975969.668339,77
412975969.670881,77
412975970.667008,78
412975971.666506,78
412975972.667281,77
412975974.666971,77
412975975.667347,77
412975976.666219,80
412975977.667035,85
412975978.666969,87
412975979.667565,87
412975980.667100,87
412975981.666781,80
412975982.665960,76
412975983.667548,74
412975984.666939,74
412975985.667793,75
412975986.667315,77
412975987.666912,80
412975989.668341,80
412975989.670880,80
412975990.666909,78
412975992.667474,74
412975993.668493,73
412975994.668508,74
412975994.671010,75
412975995.668725,75
412975996.667274,75
412975997.667459,75
412975998.667596,75
412975999.666826,75
412976000.667487,75
412976001.667997,75
412976002.668553,75
412976004.669393,74
412976004.671985,74
412976005.669046,74
412976006.668968,74
412976007.668379,75
412976008.667968,76
412976009.667390,81
412976010.668926,86
412976011.669355,89
412976013.669285,88
412976013.671766,86
412976014.669133,83
412976015.669586,81
412976017.670037,81
412976019.671372,81
412976019.674820,80
412976020.668706,80
412976021.669913,80
412976022.669094,80
412976023.670495,80
412976024.669914,80
412976025.668262,79
412976026.671870,79
412976027.670150,80
412976028.669106,80
412976029.670282,87
412976030.669201,93
412976031.671467,93
412976032.668751,92
412976033.668882,91
412976034.669841,91
412976035.670102,91
412976036.669139,91
412976038.669524,90
412976038.672371,90
412976039.672631,89
412976040.669552,89
412976041.668872,89
412976042.670584,89
412976043.669806,86
412976044.669729,83
412976045.669864,83
412976046.670601,85
412976047.669642,85
412976048.670709,85
412976049.671340,84
412976050.670735,84
412976051.669849,82
412976052.669466,82
412976053.671386,81
412976054.669650,79
412976055.671693,77
412976056.669645,73
412976057.670043,71
412976058.670135,71
412976059.672952,72
412976060.671221,73
412976061.670542,77
412976062.672901,77
412976064.669987,77
412976064.672220,77
412976065.671073,77
412976066.672303,76
412976067.673677,76
412976068.670332,76
412976069.671223,76
412976070.671555,76
412976071.671897,77
412976072.671705,77
412976073.672067,76
412976075.671144,76
412976076.671798,75
412976077.672073,75
412976078.671055,73
412976079.672251,73
412976080.671849,73
412976081.671860,73
412976082.672318,73
412976083.672630,75
412976084.672788,75
412976085.670560,77
412976086.671298,78
412976087.672614,78
412976088.672592,79
412976089.673527,79
412976090.671901,79
412976091.671970,80
412976092.671718,80
412976093.671787,80
412976095.673435,79
412976096.672536,78
412976097.674787,78
412976098.671831,79
412976099.673706,80
412976100.673642,80
412976101.672920,80
412976102.673819,78
412976103.672362,77
412976104.674523,74
412976105.672975,73
412976106.673559,73
412976107.673841,72
412976108.674454,74
412976109.672273,75
412976110.673625,77
412976111.672458,79
412976112.675698,80
412976113.673144,80
412976115.674781,80
412976116.672373,80
412976117.673633,80
412976118.674358,79
412976119.673077,80
412976121.672950,82
412976123.672697,82
412976124.674960,82
412976125.673945,82
412976126.675858,81
412976127.674376,81
412976128.673485,81
412976130.690555,81
412976131.673590,81
412976132.674168,81
412976134.675424,80
412976135.674622,77
412976136.674760,75
412976137.673312,74
412976139.674665,71
412976140.675136,71
412976143.673473,72
412976144.676719,79
412976145.675448,81
412976146.674659,81
412976150.676124,81
412976154.676470,81
412976159.675292,82
412976163.677182,88
412976168.678230,83
412976172.681347,84
412976176.676479,83
412976181.677487,85
412976186.677645,81
412976191.677721,81
412976195.678560,78
412976199.679046,79
412976204.677406,79
412976209.679745,80
412976211.678878,79
412976212.677177,80
412976213.679744,85
412976214.679126,87
412976215.679716,87
412976216.678881,88
412976217.681198,88
412976218.679918,88
412976219.680220,89
412976220.678376,88
412976221.678083,87
412976222.679427,84
412976223.680674,78
412976224.678021,76
412976225.681119,76
412976226.678119,79
412976227.677521,80
412976228.679996,80
412976229.679470,79
412976230.678908,77
412976231.679230,76
412976232.680554,76
412976233.678916,77
412976234.678830,81
412976235.678594,84
412976236.679936,85
412976237.678606,84
412976238.678079,83
412976239.678604,83
412976240.677816,82
412976241.679573,82
412976242.678542,82
412976243.679309,81
412976244.679760,80
412976245.679458,79
412976246.678593,79
412976247.680912,79
412976248.679753,80
412976249.681769,81
412976250.681577,81
412976251.681192,80
412976252.680753,78
412976253.679641,76
412976254.681247,76
412976255.680611,77
412976256.679676,79
412976257.681120,79
412976258.680241,78
412976259.678161,78
412976260.681753,77
412976261.679447,76
412976262.679840,75
412976263.679939,75
412976264.679950,76
412976265.678473,76
412976266.681480,75
412976267.679067,75
412976268.679573,76
412976269.680543,75
412976270.680396,75
412976271.682409,75
412976272.680199,75
412976273.679102,75
412976274.679575,76
412976275.681089,76
412976276.679941,78
412976277.680162,80
412976278.681738,80
412976279.679710,81
412976280.682198,81
412976281.680185,81
412976282.682286,79
412976283.682437,79
412976284.681184,78
412976285.682518,78
412976286.681409,78
412976287.680368,79
412976288.682504,80
412976289.681292,81
412976290.681048,81
412976291.680007,81
412976292.683115,80
412976294.682852,79
412976294.685356,79
412976295.682700,80
412976296.683182,80
412976297.681463,81
412976298.682674,81
412976299.684595,86
412976300.682580,88
412976301.687253,89
412976302.681295,88
412976303.684626,87
412976304.680933,87
412976305.681733,87
412976306.685770,87
412976307.683277,87
412976308.685374,86
412976309.684195,87
412976310.680752,87
412976311.682485,87
412976312.684049,87
412976313.681467,86
412976314.682580,81
412976315.681981,78
412976316.681480,78
412976317.684216,78
412976318.681783,78
412976319.684475,78
412976320.682064,78
412976322.683210,78
412976323.682757,78
412976324.681821,73
412976325.684016,73
412976326.689189,73
412976327.684574,79
412976328.683108,81
412976329.683495,81
412976330.682522,79
412976331.683244,78
412976332.681988,76
412976333.759653,75
412976334.682994,75
412976335.682926,75
412976336.682039,75
412976337.683774,75
412976339.683561,75
412976339.688572,76
412976340.682281,77
412976341.682464,77
412976342.687080,77
412976343.682700,77
412976344.682360,77
412976345.684171,78
412976346.683169,78
412976347.686243,79
412976348.684717,82
412976349.684428,82
412976350.683092,81
412976351.683921,80
412976352.684932,77
412976353.688774,76
412976354.685972,75
412976355.684240,75
412976356.683069,76
412976358.690799,76
412976359.684404,76
412976360.683769,76
412976361.685730,77
412976363.684626,77
412976364.683287,78
412976366.683575,78
412976366.686112,78
412976367.685867,78
412976368.686485,78
412976369.686666,77
412976370.684832,77
412976371.686607,78
412976372.687508,78
412976376.686358,78
412976376.688871,77
412976377.684581,77
412976378.686367,76
412976379.686590,80
412976380.685333,82
412976381.684511,82
412976382.684890,79
412976383.687570,78
412976384.686264,77
412976385.685767,77
412976386.686658,76
412976388.686133,77
412976388.688283,78
412976390.691687,79
412976390.694292,80
412976391.686343,80
412976392.686177,81
412976393.687376,81
412976394.692862,80
412976395.686430,78
412976396.684662,77
412976397.687649,78
412976398.687913,77
412976399.686859,77
412976400.687241,77
412976401.686157,78
412976402.689027,78
412976404.688092,79
412976404.691467,80
412976405.686394,77
412976406.685279,75
412976407.688743,75
412976408.688102,75
412976409.685834,77
412976411.688185,77
412976411.691433,77
412976412.688635,78
412976413.687883,78
412976414.686813,79
412976415.685964,79
412976416.687768,80
412976417.688755,80
412976418.690356,80
412976419.688341,78
412976420.690493,78
412976421.686824,78
412976422.688447,77
412976423.686859,77
412976424.687625,76
412976425.686513,78
412976426.686817,79
412976427.688742,80
412976428.690708,80
412976429.687512,80
412976430.690108,80
412976431.690880,79
412976435.689035,79
412976435.692741,80
412976436.689138,80
412976437.687919,80
412976438.686831,80
412976439.687062,80
412976440.688095,80
412976441.688484,81
412976442.688319,81
412976445.691557,81
412976445.694211,81
412976446.688694,81
412976447.689764,81
412976448.691093,81
412976449.687612,83
412976450.689978,83
412976451.690221,80
412976452.689567,80
412976453.688646,79
412976454.688500,79
412976456.687538,79
412976456.701130,80
412976457.688940,81
412976458.688163,81
412976459.689847,81
412976460.689583,82
412976461.688182,82
412976463.688117,83
412976465.688208,83
412976465.700853,83
412976466.688335,83
412976467.691059,83
412976469.691305,82
412976469.694078,81
412976470.688409,81
412976471.692532,81
412976472.689541,79
412976473.691675,77
412976474.693480,77
412976475.690185,77
412976476.689045,77
412976477.691019,77
412976479.691093,73
412976479.694039,72
412976480.690331,71
412976481.689386,72
412976482.688703,73
412976483.690130,74
412976484.689370,74
412976485.694250,75
412976486.690290,78
412976487.689414,78
412976488.691410,78
412976489.695454,77
412976490.689453,77
412976491.691538,78
412976493.692525,78
412976494.693393,80
412976495.692228,80
412976496.690674,80
412976497.693051,81
412976498.694132,81
412976499.692911,81
412976500.699566,81
412976501.693219,82
412976502.694745,84
412976505.698143,87
412976506.696089,88
412976507.695880,82
412976508.698172,79
412976509.691465,78
412976510.693705,77
412976511.692140,77
412976513.692374,75
412976513.694889,72
412976514.692885,72
412976515.690650,75
412976517.694514,75
412976517.697088,75
412976518.690762,75
412976519.695761,74
412976520.691763,74
412976521.690627,74
412976522.692340,74
412976523.696280,75
412976524.691557,75
412976526.695511,75
412976526.698030,75
412976527.691983,75
412976528.692729,74
412976529.695501,73
412976530.691547,73
412976531.694189,72
412976532.692599,70
412976534.694676,69
412976534.697179,69
412976536.704476,69
412976537.692420,69
412976537.701527,69
412976538.695863,69
412976539.693223,68
412976540.696029,67
412976541.693378,67
412976544.697319,69
412976544.699827,70
412976545.693474,71
412976546.693335,71
412976547.695463,71
412976548.699662,72
412976549.696022,72
412976550.698698,75
412976552.698152,75
412976552.700832,76
412976553.695079,75
412976554.694510,75
412976555.695856,75
412976556.697068,75
412976558.696162,74
412976558.698651,74
412976559.695001,74
412976560.700794,74
412976561.694877,74
412976562.696249,75
412976563.699397,79
412976564.694354,79
412976565.700086,79
412976566.699829,79
412976567.698324,79
412976568.695104,78
412976570.694733,78
412976570.697239,78
412976571.697232,78
412976572.697303,78
412976573.696473,77
412976574.698500,76
412976575.696103,76
412976576.695298,74
412976577.695902,72
412976578.695700,72
412976579.696754,72
412976580.695094,72
412976581.694223,73
412976582.695491,73
412976583.694713,73
412976584.697116,74
412976585.698525,74
412976586.694609,74
412976587.698408,75
412976588.693791,76
412976589.695332,77
412976590.695310,77
412976591.696616,77
412976592.696058,77
412976593.699886,77
412976594.696464,76
412976595.696697,75
412976596.695071,78
412976597.768008,81
412976598.699058,83
412976599.702566,82
412976600.701724,82
412976601.694279,81
412976602.695790,80
412976603.694819,81
412976604.694599,81
412976605.694146,81
412976607.697540,81
412976607.699993,81
412976608.697226,82
412976610.697287,81
412976610.699877,80
412976612.698557,79
412976612.701052,79
412976613.699476,78
412976614.696706,78
412976615.698937,79
412976617.694163,80
412976617.712078,83
412976618.694714,84
412976620.695001,85
412976621.696882,81
412976622.700333,76
412976623.701040,75
412976624.697971,74
412976625.696348,75
412976626.696177,76
412976627.697827,76
412976628.696087,76
412976629.712252,74
412976630.698102,74
412976632.697483,75
412976633.699745,75
412976635.700471,75
412976636.700818,76
412976637.698300,76
412976639.700135,76
412976639.702656,77
412976640.699048,77
412976641.696529,77
412976642.697159,78
412976643.697773,78
412976644.697679,77
412976645.696806,77
412976646.696952,76
412976647.698422,75
412976648.699339,75
412976649.700486,75
412976650.702739,76
412976651.701147,76
412976652.700829,76
412976654.698849,76
412976655.705830,77
412976657.700379,77
412976658.704683,78
412976659.699919,78
412976660.698806,78
412976661.699296,79
412976662.702796,81
412976663.703579,81
412976664.698853,81
412976665.706354,81
412976666.702610,81
412976667.697762,83
412976668.705797,83
412976669.700858,83
412976670.713146,86
412976671.700196,90
412976672.712515,90
412976674.704129,90
412976674.706724,91
412976675.706093,92
412976676.717404,93
412976677.722077,94
412976678.705680,96
412976679.723462,102
412976680.709658,107
412976681.754599,110
412976682.701319,110
412976683.768760,110
412976685.786330,110
412976687.715178,110
412976687.717853,109
412976688.752549,109
412976689.801694,110
412976690.800986,110
412976692.801817,110
412976692.804337,110
412976694.761447,111
412976694.764123,110
412976695.760410,108
412976696.741625,104
412976697.775505,102
412976698.702130,98
412976700.703748,93
412976700.706288,90
412976701.704798,89
412976702.709567,88
412976703.719613,87
412976704.702914,84
412976705.713884,84
412976707.712352,83
412976707.714882,83
412976708.700734,82
412976709.699760,81
412976710.699531,79
412976711.700128,78
412976712.703428,76
412976713.703051,76
412976714.709928,76
412976715.700020,78
412976716.702937,80
412976717.706347,80
412976718.704506,81
412976719.708991,82
412976720.701913,82
412976721.699321,82
412976722.708061,85
412976723.719866,87
412976724.713393,87
412976725.706908,87
412976726.705358,87
412976727.701953,87
412976728.700527,86
412976729.702526,84
412976730.713224,81
412976731.708518,80
412976732.712789,79
412976733.704194,76
412976734.710963,75
412976735.701858,74
412976736.700188,74
412976737.701431,74
412976738.702310,74
412976739.700527,74
412976740.700542,74
412976741.700495,74
412976742.704626,74
412976743.705784,74
412976744.701897,73
412976745.702414,73
412976746.701748,72
412976748.709228,72
412976748.711807,72
412976749.729888,72
412976750.704922,70
412976752.704729,69
412976752.708094,69
412976753.701584,69
412976754.710458,71
412976755.711929,72
412976756.701885,74
412976757.701430,76
412976758.702682,76
412976759.704479,78
412976760.709092,78
412976762.712995,79
412976762.715548,79
412976763.707870,79
412976765.705390,79
412976766.705123,79
412976768.705781,78
412976768.709374,78
412976769.702076,78
412976770.704254,78
412976771.704839,77
412976772.707557,77
412976773.710159,76
412976774.709135,76
412976775.706333,77
412976776.702134,76
412976777.701913,76
412976778.702623,76
412976779.711776,75
412976780.704960,74
412976781.713096,73
412976782.706770,73
412976783.707043,71
412976784.702570,69
412976785.704332,68
412976786.709139,68
412976788.704416,68
412976788.707293,68
412976789.708631,68
412976790.706453,68
412976792.702475,68
412976793.707016,68
412976795.709139,70
412976795.711743,72
412976796.704235,72
412976797.713554,75
412976798.708737,78
412976799.717912,79
412976800.708686,79
412976801.702745,79
412976802.718287,80
412976803.713854,80
412976804.719108,80
412976805.705571,80
412976806.719010,81
412976807.714335,81
412976808.707604,81
412976810.718110,81
412976810.720662,83
412976812.733509,86
412976813.720993,87
412976814.708409,90
412976815.725136,91
412976816.727047,92
412976817.741982,92
412976818.704107,92
412976820.771167,93
412976820.774328,93
412976821.744378,93
412976822.741606,92
412976823.744336,92
412976824.725963,91
412976825.736732,91
412976827.711368,90
412976828.761594,90
412976829.717557,88
412976830.715825,87
412976831.704813,84
412976832.707170,82
412976833.720402,82
412976834.711376,82
412976835.724263,81
412976836.723068,81
412976837.714334,80
412976839.705300,79
412976840.719981,77
412976842.709455,71
412976842.712092,70
412976843.708341,70
412976844.715022,69
412976845.715722,69
412976846.707537,69
412976847.706227,68
412976848.707362,67
412976849.708488,67
412976850.709953,67
412976851.721259,72
412976852.729371,74
412976853.716775,74
412976854.717388,74
412976855.707520,74
412976856.711356,73
412976857.716716,73
412976858.710554,73
412976859.711273,72
412976860.709736,71
412976861.713002,71
412976862.708458,71
412976863.708220,71
412976864.708304,71
412976865.715510,70
412976866.712901,70
412976867.706261,69
412976868.712173,69
412976869.752236,68
412976870.707031,68
412976871.710471,68
412976872.711049,68
412976873.715048,71
412976876.710310,74
412976876.712890,75
412976877.711779,76
412976879.708476,77
412976879.710976,77
412976880.717372,77
412976881.708804,77
412976882.710744,78
412976883.729566,80
412976884.717434,80
412976886.730715,81
412976886.733349,81
412976887.708886,81
412976888.729291,83
412976889.744513,85
412976890.737690,88
412976891.750043,89
412976892.781587,91
412976893.775716,91
412976894.749626,91
412976895.717167,91
412976896.782092,91
412976897.739686,91
412976898.758187,90
412976900.722725,89
412976900.726223,84
412976901.728153,78
412976902.711093,74
412976903.717990,76
412976904.716352,75
412976905.718144,74
412976906.723034,73
412976907.713957,73
412976908.714942,73
412976909.710363,73
412976910.720933,73
412976911.713097,73
412976912.710923,73
412976913.718181,73
412976914.708401,74
412976915.727191,75
412976916.732294,77
412976918.728078,77
412976918.731089,77
412976919.727043,77
412976920.721842,77
412976921.725479,78
412976924.729304,81
412976924.731797,84
412976925.755137,86
412976926.715623,84
412976927.713899,80
412976928.721040,78
412976929.753753,77
412976930.714649,77
412976931.712739,78
412976932.731281,79
412976933.748058,82
412976934.738853,82
412976935.714713,83
412976936.729688,83
412976937.720590,85
412976938.713416,88
412976939.727800,88
412976940.765316,86
412976941.738303,85
412976942.752337,85
412976943.747861,86
412976944.770098,87
412976946.717220,89
412976946.719853,90
412976947.719774,90
412976948.743198,90
412976949.718741,85
412976950.730449,81
412976951.729974,79
412976953.765603,79
412976954.786852,81
412976955.726542,82
412976956.730629,76
412976957.710833,73
412976958.712784,70
412976959.712271,69
412976960.720392,69
412976961.712904,69
412976962.757868,70
412976963.715796,71
412976964.730628,72
412976965.712589,73
412976966.710826,73
412976968.716619,74
412976968.719124,76
412976969.714598,76
412976970.716750,76
412976971.728172,75
412976972.717387,75
412976973.716373,75
412976974.724052,75
412976975.727336,75
412976976.729257,75
412976977.718613,74
412976978.713611,74
412976979.719620,74
412976980.716850,74
412976981.718962,74
412976982.716431,73
412976983.711916,73
412976984.717382,73
412976985.712166,73
412976986.716296,81
412976987.714699,82
412976988.720411,82
412976989.737022,76
412976990.722703,75
412976991.726899,75
412976992.716535,74
412976993.724544,72
412976994.716716,73
412976995.727830,73
412976996.722061,73
412976997.717044,73
412976998.722592,74
412976999.729647,74
412977000.721747,76
412977001.716135,76
412977002.719505,76
412977004.712385,76
412977004.714993,77
412977005.721978,79
412977006.717670,79
412977007.746894,79
412977008.719916,80
412977009.729511,81
412977010.751962,86
412977011.780734,88
412977012.747166,89
412977013.805292,88
412977014.721734,86
412977015.742210,83
412977017.720185,81
412977017.722716,81
412977018.745355,81
412977019.743370,81
412977020.763960,81
412977021.752673,80
412977022.716943,81
412977023.725597,82
412977024.725731,82
412977025.717203,83
412977027.734501,83
412977027.737086,84
412977028.772314,83
412977029.760948,84
412977031.744659,84
412977031.747196,84
412977032.765865,84
412977033.735353,84
412977035.765784,84
412977036.722668,84
412977037.742221,85
412977038.716331,85
412977039.769732,86
412977041.795132,86
412977041.797652,86
412977042.772292,86
412977043.744647,80
412977044.730709,76
412977045.724551,75
412977046.719782,75
412977047.721584,76
412977049.739191,76
412977050.719298,75
412977051.731204,72
412977052.719935,71
412977053.726692,70
412977054.720304,70
412977055.716199,70
412977056.715201,70
412977057.727267,69
412977058.715315,69
412977059.721624,70
412977060.723417,72
412977061.723844,73
412977062.722272,75
412977064.729901,76
412977064.732489,77
412977065.729123,77
412977066.746649,78
412977067.719312,79
412977068.753643,79
412977069.733613,80
412977070.740930,80
412977071.765376,80
412977072.719775,80
412977073.773680,80
412977074.751198,80
412977075.747133,80
412977076.749960,80
412977077.730099,78
412977078.718739,73
412977079.715818,72
412977080.731279,72
412977081.720883,71
412977082.722756,71
412977083.718186,71
412977084.719176,71
412977085.717850,71
412977086.727116,72
412977087.733571,72
412977088.734915,72
412977089.716689,73
412977091.738395,73
412977091.741582,74
412977092.743311,74
412977093.718883,74
412977094.734207,74
412977095.731301,75
412977096.730144,75
412977097.721147,76
412977098.727021,77
412977099.745234,79
412977100.747530,79
412977101.794395,80
412977102.773193,82
412977103.731943,82
412977104.787606,83
412977105.788363,83
412977107.783845,83
412977107.786382,83
412977109.817705,83
412977110.792392,83
412977111.726476,85
412977112.763304,86
412977113.768341,87
412977114.760429,87
412977115.727870,88
412977116.766744,87
412977117.757320,87
412977118.787254,87
412977119.757137,87
412977120.788278,87
412977121.727707,87
412977122.770517,85
412977123.738582,82
412977124.769149,80
412977125.735888,79
412977126.760166,78
412977127.750766,77
412977128.739670,75
412977130.756518,75
412977131.733683,73
412977132.725333,72
412977133.727377,71
412977134.726438,71
412977135.735837,71
412977136.729393,71
412977138.732288,72
412977138.734885,72
412977139.742439,72
412977140.734922,73
412977141.742625,73
412977142.741251,73
412977143.734826,72
412977144.725647,71
412977145.720977,70
412977146.726028,70
412977147.725205,71
412977148.724730,71
412977149.731144,71
412977150.741844,71
412977151.743557,72
412977152.722124,72
412977153.728874,72
412977154.729316,73
412977155.727719,73
412977156.732802,72
412977157.724067,71
412977158.734698,72
412977159.737173,72
412977160.744409,73
412977161.758611,74
412977162.728843,73
412977163.741737,74
412977164.751519,74
412977165.739839,74
412977166.756884,74
412977167.751783,74
412977168.720714,74
412977169.765243,73
412977170.721681,71
412977171.724867,71
412977172.722023,71
412977173.740082,71
412977174.724352,71
412977175.747735,71
412977176.736122,70
412977177.722565,70
412977178.743840,71
412977179.727385,71
412977180.733825,72
412977181.754570,73
412977182.740707,74
412977183.740436,74
412977184.746546,74
412977185.731036,74
412977186.739657,74
412977187.758914,74
412977188.739058,72
412977189.741047,71
412977190.736020,71
412977191.742141,71
412977192.750203,71
412977193.748698,71
412977194.720473,71
412977195.738951,71
412977196.727371,71
412977197.744786,71
412977199.744791,72
412977199.747322,72
412977200.740624,70
412977201.732588,69
412977202.723931,69
412977203.726099,69
412977204.735063,69
412977205.733583,69
412977207.734416,70
412977207.736926,70
412977208.738894,71
412977209.725733,71
412977210.746155,72
412977211.755156,73
412977212.741320,73
412977213.735488,73
412977214.749205,73
412977215.755559,72
412977216.759110,72
412977217.729766,72
412977219.730952,72
412977220.726511,70
412977221.730662,70
412977222.740264,70
412977223.748382,70
412977224.744599,70
412977226.726985,70
412977227.726516,69
412977228.723569,69
412977229.753105,70
412977230.747495,70
412977231.738259,69
412977232.734461,69
412977233.747233,69
412977234.745272,69
412977235.758617,70
412977236.734562,70
412977238.740473,70
412977238.743425,70
412977239.760130,71
412977240.739552,72
412977241.752422,74
412977242.754099,74
412977243.772670,74
412977244.737719,77
412977245.795176,79
412977246.830874,81
412977247.815316,82
412977248.826065,82
412977249.736482,82
412977250.776852,82
412977251.817414,83
412977252.734491,84
412977253.727417,85
412977254.756748,85
412977255.843285,85
412977256.783127,85
412977257.733361,85
412977258.777609,85
412977259.815873,84
412977260.855660,84
412977261.828839,83
412977262.826833,83
412977263.741532,82
412977264.813328,80
412977265.775247,79
412977266.813943,78
412977267.775272,78
412977268.735992,78
412977269.784419,77
412977270.785648,75
412977271.725000,75
412977272.725229,74
412977273.733557,74
412977274.730669,74
412977275.823283,75
412977276.767495,75
412977278.818302,76
412977279.789415,76
412977279.792770,76
412977280.822206,76
412977281.737212,76
412977282.807535,76
412977283.772103,76
412977284.751317,76
412977285.780853,76
412977286.747487,75
412977287.733531,70
412977288.727190,69
412977289.766571,69
412977290.731410,69
412977292.750532,69
412977292.753025,70
412977293.767564,70
412977296.752924,70
412977296.755452,71
412977297.729920,71
412977298.763602,73
412977299.749688,71
412977300.748072,70
412977301.745643,70
412977302.755724,71
412977303.736523,72
412977304.740740,73
412977305.732577,74
412977306.736923,76
412977307.730483,77
412977308.727850,77
412977309.766270,77
412977310.800326,77
412977311.790224,76
412977312.739154,76
412977313.816702,76
412977314.822262,76
412977316.740310,76
412977316.743856,76
412977317.804026,76
412977318.864359,76
412977319.748382,76
412977320.754014,76
412977321.777633,75
412977322.769224,75
412977323.789369,75
412977324.746179,74
412977325.766360,74
412977326.778982,74
412977327.730871,74
412977328.733535,74
412977329.799981,74
412977330.756739,74
412977331.751238,74
412977332.752629,76
412977333.841866,79
412977334.851836,79
412977335.759250,81
412977336.814535,82
412977337.749934,82
412977338.875003,87
412977339.871092,89
412977340.729589,90
412977342.944177,90
412977342.946757,91
412977343.828866,91
412977345.855337,91
412977346.742286,90
412977347.873240,90
412977348.765768,90
412977349.890860,90
412977350.788458,89
412977351.851449,88
412977352.912154,88
412977353.774311,88
412977354.873231,88
412977355.779349,88
412977356.852084,89
412977357.741895,89
412977358.837948,91
412977359.837324,91
412977360.812650,90
412977362.836805,90
412977362.839590,90
412977363.751735,90
412977364.865791,90
412977365.755619,89
412977366.863201,89
412977367.759011,89
412977368.842643,88
412977369.889831,85
412977370.780341,83
412977371.841979,83
412977372.878331,82
412977373.896146,82
412977374.782271,82
412977375.887936,85
412977376.935264,93
412977378.033244,108
412977379.063596,112
412977379.809935,113
412977380.993647,114
412977381.787079,110
412977382.795767,102
412977383.951351,96
412977384.776960,94
412977385.790722,93
412977386.784405,92
412977388.038376,91
412977388.860524,91
412977390.843118,91
412977391.844715,91
412977392.779940,90
412977393.930356,90
412977394.846910,90
412977395.790149,92
412977396.792579,93
412977397.858291,93
412977398.920965,93
412977399.964208,93
412977400.773708,93
412977401.834831,93
412977402.866094,93
412977403.916923,93
412977404.929870,93
412977405.978460,93
412977406.795400,92
412977407.831479,93
412977408.887629,92
412977409.905679,91
412977411.869327,90
412977411.871944,88
412977412.799428,87
412977413.893153,86
412977414.763108,84
412977415.856431,81
412977416.878369,80
412977417.851111,81
412977418.868286,82
412977420.812426,82
412977420.815029,82
412977421.765128,82
412977422.867643,82
412977423.789618,82
412977424.889334,82
412977425.816727,83
412977426.830473,83
412977427.826204,83
412977428.778080,83
412977429.765171,83
412977430.741421,85
412977431.836115,85
412977432.948760,91
412977433.992301,91
412977434.775721,92
412977435.829124,94
412977437.853826,96
412977437.856574,97
412977438.771407,97
412977439.982000,98
412977441.815411,97
412977443.012635,96
412977443.898642,89
412977444.811939,82
412977445.896647,80
412977446.787050,80
412977447.844773,79
412977448.855606,79
412977449.873583,79
412977450.735232,79
412977451.843358,78
412977452.763975,77
412977453.805417,77
412977454.864206,77
412977455.774966,76
412977456.814687,76
412977458.745216,77
412977458.747782,77
412977459.807396,76
412977460.845079,76
412977461.873339,76
412977462.863981,76
412977463.859678,76
412977464.871752,79
412977465.749253,79
412977466.794359,79
412977468.830880,79
412977469.839509,79
412977470.742586,77
412977471.829529,77
412977472.767061,76
412977473.815834,75
412977474.820140,75
412977475.788194,75
412977476.743418,74
412977478.818186,74
412977478.820716,75
412977479.773199,75
412977480.822379,74
412977481.807823,74
412977484.852125,75
412977484.854776,77
412977486.746573,77
412977486.749090,76
412977487.816390,76
412977488.825022,75
412977489.798680,75
412977491.808995,75
412977491.811634,75
412977492.846722,75
412977493.858731,75
412977494.891203,80
412977496.802528,81
412977497.818055,81
412977497.820600,81
412977498.852971,81
412977499.882546,81
412977500.866428,80
412977501.847666,80
412977502.790146,79
412977503.734594,79
412977504.864167,79
412977505.810396,79
412977507.894895,79
412977507.897427,79
412977508.823308,77
412977509.801894,77
412977510.756231,76
412977511.828188,75
412977512.788167,72
412977513.824382,70
412977514.763354,69
412977515.798906,69
412977516.777820,69
412977518.801392,73
412977520.816815,75
412977520.819963,77
412977521.871897,77
412977522.773974,77
412977523.862527,77
412977524.878464,78
412977525.794395,79
412977527.900943,79
412977528.842757,80
412977529.822764,78
412977530.780700,78
412977531.918894,78
412977532.874885,78
412977533.810589,78
412977534.855877,77
412977535.859312,76
412977536.825449,74
412977537.773289,72
412977538.816843,70
412977539.743907,69
412977540.737630,69
412977541.804960,69
412977542.797894,69
412977543.740384,70
412977544.765606,69
412977545.822051,69
412977546.765121,71
412977547.816958,73
412977548.759978,74
412977549.744717,75
412977550.847551,75
412977551.828964,75
412977552.773142,74
412977553.826175,75
412977554.810525,75
412977555.796083,75
412977556.789226,75
412977557.750291,75
412977558.861975,74
412977559.830313,74
412977560.769894,73
412977561.817627,73
412977562.850636,73
412977563.855030,74
412977564.869698,75
412977565.872919,75
412977566.839792,76
412977567.893169,76
412977568.807204,76
412977569.891321,76
412977570.822540,76
412977571.760948,76
412977572.854907,74
412977573.801247,74
412977574.820394,74
412977575.860581,74
412977576.804087,77
412977577.777370,77
412977578.749200,77
412977579.882191,76
412977580.829453,76
412977581.816630,75
412977582.750487,75
412977583.763721,74
412977584.751529,74
412977585.902809,74
412977586.895678,74
412977587.748880,74
412977588.777753,74
412977589.775659,74
412977590.749808,74
412977591.886020,74
412977592.870688,74
412977593.877272,74
412977594.886699,75
412977595.762121,75
412977596.790341,76
412977597.913335,77
412977598.897511,77
412977599.899758,77
412977600.952691,77
412977601.794476,77
412977602.830789,77
412977603.839572,77
412977604.880740,77
412977605.839189,77
412977606.835985,77
412977607.959771,78
412977608.809616,79
412977609.863662,79
412977610.741967,80
412977611.907981,80
412977612.833792,82
412977614.831698,83
412977614.834347,83
412977615.882584,83
412977616.945146,83
412977617.997880,83
412977618.787414,83
412977619.832392,83
412977620.894185,83
412977621.926393,83
412977622.938523,83
412977623.987088,83
412977624.754545,83
412977625.814771,83
412977626.887120,83
412977627.936090,82
412977628.958484,82
412977629.954957,83
412977631.771480,84
412977631.774803,84
412977632.861395,85
412977633.998473,85
412977634.818693,84
412977635.898728,84
412977636.954944,83
412977637.937025,77
412977638.810722,76
412977639.853494,76
412977640.787717,76
412977641.858097,76
412977642.903736,76
412977643.744152,76
412977644.936760,75
412977645.768952,75
412977646.762501,75
412977647.765607,75
412977648.813715,76
412977649.799633,75
412977650.803809,75
412977651.802359,74
412977652.766853,73
412977653.816489,73
412977654.808567,71
412977655.850022,71
412977656.886267,70
412977657.761595,70
412977658.767894,70
412977659.792745,70
412977660.815700,70
412977661.849680,70
412977662.843932,70
412977663.843265,70
412977664.816897,70
412977666.870369,71
412977666.873177,76
412977667.968834,84
412977668.843775,86
412977669.996432,85
412977670.867728,86
412977671.754393,87
412977673.027070,87
412977673.986153,87
412977674.937243,87
412977675.964644,87
412977676.916065,86
412977677.844918,87
412977678.783321,86
412977680.054634,85
412977680.945872,83
412977681.886399,82
412977682.949533,82
412977683.828116,82
412977684.958607,82
412977685.785294,82
412977686.943717,82
412977687.772651,83
412977689.750349,83
412977690.912870,85
412977691.820376,87
412977692.797514,87
412977693.761145,89
412977694.755718,90
412977695.789990,90
412977696.830837,90
412977698.839668,89
412977698.842320,89
412977699.842365,88
412977700.832288,87
412977701.799018,82
412977702.891355,80
412977703.888613,77
412977704.796937,74
412977706.793569,71
412977706.796133,71
412977708.820346,70
412977708.823690,70
412977709.798931,70
412977710.815076,69
412977711.758052,69
412977712.850927,69
412977713.804201,69
412977715.814407,69
412977715.816995,69
412977717.879294,68
412977717.881881,68
412977719.870282,67
412977719.872818,65
412977720.846898,63
412977721.788093,62
412977722.808089,62
412977723.763458,63
412977724.822457,63
412977725.773518,63
412977727.797112,63
412977727.799696,63
412977728.825826,61
412977729.831545,60
412977731.788280,59
412977732.753413,59
412977733.753360,59
412977734.747912,59
412977736.746216,59
412977738.759255,58
412977738.761804,56
412977739.747232,56
412977740.747242,56
412977742.761572,55
412977742.764176,55
412977743.758557,55
412977744.749669,56
412977745.749253,57
412977746.754277,57
412977747.770428,57
412977748.775309,58
412977749.752086,60
412977750.747510,62
412977751.766051,62
412977753.842848,64
412977753.845472,64
412977754.802536,64
412977755.796762,65
412977756.759189,65
412977757.875647,69
412977758.896097,69
412977759.752751,67
412977760.780710,67
412977761.830211,67
412977762.876434,67
412977763.754243,68
412977764.825373,68
412977765.784045,68
412977766.747171,68
412977767.788682,69
412977768.819088,70
412977769.871963,71
412977770.878111,71
412977772.887989,72
412977772.891342,72
412977773.915777,71
412977774.865326,69
412977775.865504,67
412977776.892289,67
412977777.785184,67
412977778.831181,68
412977779.797976,68
412977780.855253,68
412977781.890945,68
412977783.762410,69
412977783.765030,70
412977784.806652,70
412977785.908766,71
412977786.895162,74
412977787.798483,77
412977788.869704,77
412977789.777434,75
412977790.966840,74
412977791.889882,75
412977792.835185,77
412977793.899976,77
412977794.934388,75
412977795.914592,74
412977796.860030,74
412977797.791745,75
412977798.768159,76
412977799.817308,76
412977800.843024,77
412977801.927363,77
412977802.990604,77
412977803.806935,76
412977804.861168,76
412977805.912139,76
412977808.010129,77
412977808.012707,78
412977808.803183,78
412977809.894434,78
412977810.961828,77
412977811.775404,77
412977812.872662,77
412977813.949851,77
412977814.769323,77
412977815.809488,76
412977816.868279,76
412977817.932453,76
412977819.764340,76
412977819.767027,78
412977820.835719,79
412977821.976054,80
412977822.868724,81
412977824.783166,81
412977824.785726,82
412977825.758059,82
412977827.065222,82
412977828.031231,83
412977829.043808,83
412977830.072564,83
412977830.767093,82
412977832.045867,80
412977833.761422,78
412977834.858907,77
412977835.971089,77
412977836.836201,76
412977837.929879,76
412977838.976649,75
412977839.763895,73
412977840.788450,73
412977841.765508,72
412977842.896056,72
412977843.829074,72
412977844.781902,72
412977845.975548,72
412977846.906554,72
412977847.833302,72
412977848.758490,72
412977849.814016,74
412977850.814981,77
412977851.966456,77
412977852.815941,77
412977853.939582,78
412977857.801007,78
412977857.803731,82
412977859.087877,86
412977860.872160,83
412977860.875640,80
412977861.927680,79
412977862.878378,79
412977864.776805,79
412977867.954553,79
412977867.957800,80
412977868.899807,81
412977869.861035,82
412977870.874902,84
412977871.929131,86
412977873.032361,86
412977873.766040,88
412977874.905817,90
412977876.121134,92
412977876.950994,94
412977879.120901,94
412977879.124144,93
412977879.995670,91
412977882.068948,91
412977882.071615,91
412977882.908927,90
412977884.125135,89
412977884.956298,85
412977886.021412,82
412977887.089302,82
412977888.839738,82
412977889.872906,80
412977890.853459,77
412977891.755164,75
412977892.871752,75
412977893.938967,74
412977895.002375,70
412977895.895372,70
412977896.781148,70
412977897.959641,70
412977898.852793,70
412977899.968386,70
412977900.877509,69
412977901.801181,69
412977902.782909,68
412977903.839248,65
412977904.828260,66
412977905.884897,65
412977906.867293,65
412977907.840106,66
412977908.917032,67
412977909.863014,71
412977910.803453,73
412977911.875385,73
412977912.929978,75
412977913.774253,78
412977915.010344,79
412977916.008389,79
412977916.981978,80
412977917.993518,80
412977919.007830,80
412977919.988240,78
412977920.915781,77
412977921.819998,77
412977923.810798,77
412977924.770178,77
412977926.035409,77
412977926.966811,77
412977928.828440,77
412977928.831047,77
412977931.014354,77
412977931.017008,78
412977932.025041,79
412977933.067603,79
412977934.092021,80
412977935.893526,80
412977935.896142,80
412977936.944806,82
412977938.038481,83
412977938.778953,83
412977939.888691,84
412977940.985160,80
412977942.054877,80
412977944.934590,80
412977944.937128,80
412977946.082892,80
412977946.796850,80
412977947.889282,80
412977950.072546,81
412977950.075193,81
412977950.814239,81
412977953.019707,81
412977954.111779,82
412977954.848402,82
412977955.945164,80
412977957.025270,80
412977957.759501,79
412977958.830462,80
412977959.908804,81
412977961.038647,85
412977963.049793,87
412977963.052484,88
412977965.176779,88
412977965.179999,88
412977966.071491,88
412977966.938233,88
412977967.799008,88
412977969.928963,88
412977969.931557,88
412977970.799702,86
412977972.006420,85
412977972.806249,84
412977973.970172,84
412977975.986142,84
412977977.910366,83
412977977.913291,83
412977979.874735,83
412977979.877545,82
412977981.010345,82
412977982.910951,82
412977982.913569,82
412977984.066705,82
412977984.835892,82
412977986.032940,82
412977986.790796,82
412977987.935881,82
412977989.076314,82
412977990.958371,82
412977992.098222,81
412977992.834544,78
412977993.900924,78
412977994.967461,78
412977996.050739,78
412977996.774532,78
412977997.837776,77
412977998.881218,77
412977999.929113,77
412978000.975127,77
412978001.997800,77
412978003.010359,76
412978004.015951,76
412978005.016540,76
412978006.781660,76
412978006.784656,77
412978007.771297,78
412978008.837067,79
412978009.954194,77
412978011.771255,77
412978011.774502,76
412978012.830292,75
412978013.819774,74
412978015.038507,72
412978015.940533,72
412978016.836340,72
412978017.995831,73
412978018.900726,74
412978019.840331,74
412978020.815931,76
412978021.827745,77
412978022.860583,78
412978024.027321,77
412978024.774978,76
412978025.847637,76
412978026.974535,76
412978028.023003,76
412978029.061956,76
412978030.078341,77
412978030.787306,77
412978031.887129,77
412978032.975685,77
412978034.048347,78
412978034.795091,78
412978035.927577,78
412978037.056997,78
412978037.797602,79
412978038.938898,79
412978040.049920,80
412978040.830182,80
412978043.115483,80
412978043.896615,80
412978045.016442,75
412978046.021850,70
412978046.904741,68
412978047.928947,69
412978048.977758,70
412978049.805673,72
412978050.973664,73
412978051.906284,74
412978052.859741,75
412978053.829553,76
412978055.925695,76
412978055.928397,77
412978056.975213,77
412978058.058455,78
412978058.802160,80
412978059.943105,81
412978061.113033,81
412978061.919183,81
412978063.072073,79
412978063.833645,77
412978064.921010,76
412978065.981192,77
412978067.094578,76
412978067.833580,75
412978068.892646,76
412978069.973231,77
412978071.879660,80
412978071.882223,81
412978073.047421,81
412978073.850482,81
412978075.883119,81
412978075.885793,81
412978077.090994,81
412978077.885941,83
412978079.138168,83
412978079.981128,84
412978080.853538,88
412978081.802055,88
412978083.228887,88
412978084.254110,87
412978086.975342,85
412978086.977868,84
412978087.875061,83
412978089.156777,83
412978090.012363,83
412978090.882825,83
412978092.130006,80
412978092.916100,78
412978094.055850,77
412978094.816981,76
412978095.949938,76
412978097.813872,76
412978098.971029,76
412978100.090992,77
412978100.850108,76
412978101.974154,73
412978102.984609,71
412978103.922171,70
412978105.946559,69
412978105.949143,69
412978106.834274,68
412978108.004193,68
412978108.875227,68
412978110.024872,68
412978110.904717,68
412978112.049180,70
412978112.935482,73
412978113.932266,75
412978115.032077,75
412978115.785052,76
412978116.932584,76
412978118.088004,76
412978119.933418,74
412978119.935989,74
412978120.987860,75
412978122.084674,75
412978122.833385,75
412978123.948360,77
412978125.097286,78
412978125.894720,78
412978127.087898,78
412978127.877157,78
412978129.051987,78
412978129.861443,78
412978131.016139,76
412978131.779967,75
412978132.899160,75
412978134.030524,75
412978134.785198,75
412978135.926946,75
412978137.050002,75
412978138.938157,75
412978138.941666,76
412978140.069629,76
412978140.852140,76
412978141.999310,76
412978142.784596,76
412978144.013661,76
412978144.820809,78
412978145.996509,78
412978146.788606,79
412978148.010809,79
412978150.080689,79
412978150.083313,80
412978150.908513,80
412978152.977115,80
412978152.979647,80
412978153.825249,81
412978155.096271,82
412978155.978964,83
412978156.863417,84
412978157.775257,86
412978161.137539,87
412978161.140345,87
412978163.128894,87
412978163.131969,88
412978164.113471,88
412978165.096392,88
412978166.088228,87
412978167.076942,87
412978169.081161,87
412978169.083837,87
412978170.077167,87
412978171.047840,86
412978172.012499,86
412978172.969109,85
412978173.914315,83
412978174.827380,83
412978177.164775,83
412978177.167373,82
412978178.082634,82
412978178.975678,82
412978179.898617,82
412978180.815966,82
412978182.146703,81
412978183.015903,80
412978183.876145,80
412978185.162678,81
412978186.036899,81
412978186.931714,81
412978187.824457,81
412978189.146368,81
412978190.018513,80
412978190.880390,81
412978192.197983,81
412978193.095274,81
412978193.996410,81
412978194.958912,81
412978199.058714,81
412978199.061265,81
412978199.946767,82
412978201.777370,82
412978201.779946,83
412978203.152417,84
412978204.184150,84
412978205.174489,85
412978207.188610,85
412978207.192115,86
412978208.250056,86
412978209.258703,86
412978210.253429,87
412978211.269260,85
412978212.242232,84
412978213.172391,84
412978214.126581,83
412978215.058589,82
412978215.979406,82
412978216.916420,81
412978217.814725,80
412978219.135585,79
412978219.999655,78
412978220.842298,76
412978222.031786,75
412978222.845094,75
412978224.044697,75
412978224.853531,75
412978226.032796,73
412978226.804117,68
412978227.883853,67
412978228.842309,67
412978230.031931,66
412978230.916808,65
412978232.044361,66
412978232.921220,65
412978234.964981,65
412978234.967674,66
412978235.850994,69
412978236.796815,70
412978237.809473,71
412978238.901250,71
412978240.020306,71
412978240.776410,71
412978241.896593,71
412978243.009962,71
412978244.121057,71
412978244.860832,71
412978245.934683,71
412978246.997391,72
412978247.778018,72
412978248.993808,72
412978250.145572,73
412978250.935487,74
412978252.935012,75
412978252.937578,75
412978253.771427,75
412978254.980404,76
412978255.803670,75
412978257.013481,75
412978257.825845,76
412978259.085126,76
412978259.929452,75
412978261.139459,74
412978261.942522,73
412978263.118108,72
412978263.959666,70
412978265.091967,69
412978265.782729,68
412978267.066801,67
412978268.048028,67
412978268.989003,66
412978271.044253,64
412978271.046868,63
412978271.918610,62
412978272.970580,62
412978273.997264,62
412978274.994175,63
412978275.803787,63
412978276.899259,64
412978278.970024,66
412978278.972736,68
412978279.894048,69
412978280.911867,70
412978281.996254,70
412978283.098608,71
412978283.852687,72
412978284.997865,75
412978285.849990,75
412978287.112870,77
412978289.186398,79
412978289.188958,80
412978290.126652,80
412978291.070971,82
412978292.058508,84
412978293.064328,85
412978294.084872,86
412978295.130803,87
412978296.188321,88
412978297.824923,89
412978297.827589,89
412978298.981427,89
412978300.096311,90
412978301.214589,82
412978302.194401,77
412978303.083406,76
412978303.951500,73
412978305.152712,71
412978305.942394,71
412978307.146585,71
412978307.933261,72
412978308.785115,72
412978310.023106,72
412978310.858219,72
412978312.094038,72
412978312.911185,72
412978314.107197,72
412978316.115670,72
412978316.118331,73
412978316.929459,74
412978318.154580,74
412978318.993171,74
412978319.827716,75
412978321.093807,74
412978321.929184,74
412978323.189582,74
412978324.026316,73
412978324.841832,73
412978326.057731,72
412978326.890142,72
412978328.113890,72
412978328.952299,72
412978330.161055,71
412978330.963308,73
412978331.782926,75
412978333.045861,75
412978333.916968,76
412978334.795913,78
412978336.188925,79
412978337.145474,79
412978338.098614,77
412978339.013578,75
412978339.874635,74
412978341.103052,72
412978341.934128,71
412978343.134444,72
412978343.962055,73
412978344.779254,74
412978346.033246,75
412978346.901712,75
412978348.185430,74
412978349.047161,74
412978349.919470,74
412978350.795056,74
412978352.104632,74
412978352.991385,74
412978353.858956,75
412978355.163291,75
412978356.061916,75
412978356.945339,76
412978357.849379,76
412978358.781567,76
412978360.142909,77
412978362.011254,77
412978362.013861,80
412978362.952228,82
412978363.979624,86
412978365.096280,87
412978366.242487,87
412978366.813375,80
412978367.874006,77
412978368.860182,76
412978369.951887,74
412978371.802511,74
412978374.015546,75
412978374.018620,78
412978374.927234,78
412978375.884335,77
412978376.819782,76
412978378.152045,75
412978379.048370,72
412978379.874182,70
412978381.093521,69
412978381.883483,69
412978383.047630,70
412978383.838953,72
412978385.073239,76
412978385.985123,78
412978386.930156,79
412978387.909468,79
412978388.893938,77
412978389.897487,74
412978391.176380,72
412978392.018600,70
412978392.827044,70
412978394.038922,69
412978394.811136,68
412978395.976646,68
412978397.114264,67
412978397.849731,67
412978398.992904,67
412978400.112309,69
412978400.892463,71
412978402.120894,74
412978403.029397,76
412978403.995290,76
412978404.966058,76
412978406.826173,75
412978406.828789,75
412978407.782996,75
412978409.112498,73
412978409.984969,72
412978410.829900,71
412978412.080845,68
412978412.853368,66
412978413.968001,66
412978415.191688,66
412978416.075220,67
412978416.874402,69
412978418.063770,70
412978418.909110,71
412978421.026508,72
412978421.898946,75
412978421.901512,75
412978422.833956,74
412978424.177255,74
412978425.103743,74
412978426.029410,75
412978426.969836,76
412978427.938219,76
412978428.931521,76
412978429.920025,77
412978430.919389,78
412978431.946898,78
412978432.947215,79
412978433.978166,79
412978435.033665,79
412978436.068141,80
412978437.095118,82
412978438.200761,82
412978439.288887,80
412978439.819465,77
412978440.835995,75
412978443.161523,74
412978443.164201,74
412978444.108478,74
412978445.031862,74
412978445.953792,74
412978446.886713,74
412978447.806526,72
412978449.059956,70
412978449.929908,71
412978450.805356,72
412978452.124171,73
412978453.030342,73
412978453.950758,73
412978454.854997,71
412978456.132770,71
412978456.999353,71
412978457.847210,72
412978459.161352,72
412978460.032560,75
412978460.975570,76
412978461.944560,77
412978462.933382,77
412978463.922000,78
412978464.944517,78
412978465.988099,78
412978467.019770,79
412978468.084534,79
412978469.135214,81
412978470.233193,81
412978470.795984,81
412978471.890694,82
412978473.005823,82
412978474.103381,83
412978475.222341,83
412978475.792719,80
412978476.893085,79
412978477.958964,79
412978479.013137,80
412978480.083397,79
412978481.143256,79
412978482.193304,78
412978483.205962,70
412978484.039922,66
412978484.862971,65
412978485.977660,63
412978486.989983,62
412978487.946954,61
412978488.906379,60
412978489.815630,61
412978490.868585,64
412978491.918731,67
412978493.097459,67
412978493.917509,67
412978495.160145,67
412978495.977753,66
412978497.163578,66
412978497.970980,66
412978499.171148,66
412978499.978554,66
412978501.169309,67
412978501.996589,67
412978502.820560,70
412978504.115900,69
412978504.965745,67
412978505.797109,66
412978506.978776,67
412978507.783999,67
412978509.010197,67
412978509.836023,67
412978511.148665,68
412978512.013969,68
412978512.889012,68
412978514.148156,67
412978514.983571,67
412978515.809257,65
412978516.970927,64
412978518.045366,64
412978519.133618,65
412978519.868584,66
412978521.005747,67
412978521.834401,67
412978523.079544,68
412978523.927893,69
412978525.208575,70
412978526.087463,70
412978526.994693,70
412978527.888364,70
412978531.930008,70
412978531.932563,70
412978532.815024,69
412978534.087966,68
412978534.937560,68
412978535.809140,67
412978537.109820,67
412978537.952881,66
412978539.154013,64
412978539.914741,64
412978542.076457,63
412978542.079070,62
412978542.789666,62
412978543.830173,62
412978544.870462,62
412978545.899327,63
412978547.987044,62
412978547.989712,62
412978549.040414,62
412978550.089733,62
412978550.802237,62
412978551.936566,62
412978552.991536,62
412978554.041425,62
412978555.050549,62
412978557.120614,63
412978557.860520,65
412978561.879037,65
412978561.881666,65
412978563.117922,65
412978563.947363,65
412978565.154470,64
412978565.935017,64
412978567.089570,64
412978570.948082,64
412978570.951231,63
412978572.853957,63
412978576.133600,62
412978579.024028,63
412978580.116743,64
412978580.119426,64
412978582.096326,64
